gene	test_score	p_value	P_FDR
ACAP3	12.5570677173365	3.97733205792505e-06	0.00123459633879674
ADK	13.3603588590138	1.28544530719754e-06	0.000488790578061865
AGAP2-AS1	7.79799572754933	0.000260633548317846	0.0368535965611999
AMIGO3	7.74378743219865	0.000133305813526774	0.0218019507929272
AP3M1	10.3094149362717	3.28496660176869e-05	0.00703723126942279
APBB1	7.39925576326154	0.00026168234244639	0.0368535965611999
APEH	17.3017564647168	8.44118097642621e-09	1.06991968876202e-05
ARIH2	12.9306359119417	5.29829473294718e-07	0.000237889775836735
ATRIP	10.8112438893455	7.69081658857917e-06	0.00224956385215941
C10orf55	14.2681481231963	4.58594815566649e-07	0.000217975848274023
C3orf18	12.2975174000748	1.80943568295344e-06	0.000640035272970276
C3orf62	28.2346421625362	2.01172412062078e-13	3.02605940305511e-09
C3orf84	6.11161314836832	9.8629035256619e-10	1.87518453281647e-06
CADM1	8.32363722198951	0.000146927520953244	0.0232788291010296
CAMKV	12.9336084757247	1.70122793685668e-06	0.000616087545704525
CAMP	21.3288332786144	3.60842467017619e-10	9.14735653889664e-07
CCDC36	336.840450326274	1.78720371835084e-11	5.43667371122325e-08
CCDC71	12.6695959845206	1.06226439411383e-06	0.000414283113704395
CCDC83	-3.93104593276356	8.45771098644321e-05	0.0153144981075954
CD34	9.29147553830514	8.73589544215791e-05	0.0156321140794379
CDHR4	13.9109681628396	8.88580174995823e-07	0.000365278498964499
CELSR3	20.6578823631172	7.89908916054571e-10	1.71635923045572e-06
CHEK2	8.71658376237328	0.000100366462152834	0.0175468263143059
CLP1	8.97821584906915	0.000134974995345982	0.0218401029703446
CNST	10.827129035746	1.60116383646214e-05	0.00392801644396599
CNTLN	6.76527157439014	0.000273502583244323	0.0373019676178231
COL7A1	12.099041047212	3.9243612540707e-06	0.00123459633879674
CPSF3L	9.08935295988546	4.3250546392759e-05	0.00877121080845153
CTBP2	14.1876674687597	2.79584462803406e-07	0.000151331900382347
CTNNB1	11.0192176326108	2.41634485600439e-05	0.00574259457184794
DAG1	14.914551644241	1.37334477345874e-07	8.35542960172297e-05
DALRD3	10.1536748637313	1.17514653815709e-05	0.00300854530477945
DCTPP1	12.5114323143662	3.38117570930496e-06	0.00111799309866366
DHFRL1	8.86789816213653	6.27518940864435e-05	0.0120817254310735
DNAJC22	11.0083285798689	9.24395396029176e-06	0.00246667613571996
DOCK3	7.7027922487299	0.000342281618555096	0.0433841951518584
ELAVL2	8.47146805953708	0.000158314101940338	0.0246307036788555
ELP5	9.95835119815512	2.35984201407691e-05	0.0056973328625571
ENSA	13.5083470249334	9.23422486809322e-07	0.00036961200064131
EPN3	7.78522345530176	0.000251522953008343	0.03643489633578
FAM154B	7.49482340335739	0.000197199683323879	0.029994071833562
FAM212A	11.7422153468955	1.16267792525937e-05	0.00300854530477945
FBXW12	15.6051705311326	1.2103631719107e-07	7.67067660198406e-05
FOXP1	7.91985179222133	0.000302669565512725	0.0401374495574841
FXR1	7.65135573483556	0.000373910964931556	0.0458644014242659
GLRX2	11.0826735115717	8.63915169535545e-06	0.00234645530868494
GNAT1	7.7128542766146	0.000307589981670131	0.0402286089538184
GPR75	17.645025051018	2.98774704976523e-08	2.84022703918307e-05
GPX1	15.1253461519469	5.20052053643028e-08	3.95499586795522e-05
HPS6	8.46692952733221	0.000264467429583859	0.0369041248070688
IMPDH2	26.0115452371622	3.20843351886424e-12	1.27543675620956e-08
KLHDC8B	15.5733053850046	6.11176039777561e-08	4.08750238782261e-05
LRRC16B	8.05349178202285	0.00025985135544826	0.0368535965611999
MAP3K7	8.13260342211968	0.000120112255101668	0.0198576891314822
MAPKAPK3	9.24674687709473	9.8691202901291e-05	0.0174545720480074
MGMT	11.7519501922428	1.33764822607407e-06	0.000496234866306991
MMP23B	11.9384506104188	5.55757380227284e-06	0.0016906139506514
MON1A	17.2759362043527	1.64214312148303e-08	1.66513312518379e-05
MREG	7.74475998343512	0.000287374138630669	0.0386810676864821
MSS51	11.8089650873989	6.21727038641051e-06	0.00185420946230008
MST1	16.5787787014215	1.51876666798501e-08	1.65003150143228e-05
MST1R	13.7076545731553	3.73100190964593e-07	0.000189161796819048
MTHFD1	7.12040272498845	0.000336782163050775	0.043045854621868
MYOZ1	7.91555110062876	0.000373467864410948	0.0458644014242659
NCKIPSD	13.3516655633311	2.43891567830445e-07	0.000137392249877818
NDST2	14.5284446800244	3.85720644646703e-07	0.000189251967905689
NDUFAF3	16.1790082311699	3.87860179529298e-08	3.10492280560033e-05
NICN1	16.4128521339122	3.74998503360757e-08	3.10492280560033e-05
NMT2	8.35929769269696	0.000119722538324041	0.0198576891314822
NXPE2	9.4280412186419	8.42567666774485e-05	0.0153144981075954
NXPE4	8.83841252276189	4.8908054209984e-05	0.00966092863030983
ODF4	9.52412541044189	1.23062270779295e-05	0.00306848711238209
P4HTM	14.1582043888561	2.04837086181797e-07	0.000119829695416351
PARD3	9.00174443219053	0.000109246562495113	0.0186701147814682
PCMTD1	10.5219047886004	1.1868028815698e-05	0.00300854530477945
PDK1	10.1602669097644	3.0462215604099e-05	0.00681368087262273
PFAS	9.42249351394418	3.20464294789602e-05	0.00696323131964264
PFKFB4	28.0430427649269	3.97903932025656e-13	3.02605940305511e-09
PGBD1	7.97892118337124	0.000239717669114459	0.0352045824382234
PLEKHG3	8.37482134275403	0.000142396240336518	0.022798387531773
PRKAR2A	13.7201019542155	5.35315148653126e-07	0.000237889775836735
PTGES3	7.70521940038695	0.000303471840835678	0.0401374495574841
QARS	14.3973166705786	2.885355102622e-07	0.000151331900382347
QRICH1	15.6359217827778	3.3293361401121e-08	2.97877662888854e-05
RBM5	16.3628004323311	6.18097008020513e-08	4.08750238782261e-05
RBM6	8.39689838783387	3.72753724613428e-05	0.00774285803112546
RFPL1	9.42247188652403	6.9674144544174e-05	0.0132467967314611
RGS1	10.0377821143962	3.46003073335988e-05	0.00730931492422274
RGS20	11.7051080028169	7.93379130936689e-06	0.00227684841161265
RNF123	10.8774339286142	3.67687002100769e-06	0.00118989772381972
RNF2	7.86418517024448	0.000267171135701405	0.0369424815819852
RNF223	13.0869724317582	2.45955970734624e-06	0.000850225071562188
RPS26	9.03459005934936	3.7670709684634e-05	0.00774285803112546
RUNDC3B	36.5802431844184	0.00011554905061284	0.0195277895535699
SBF1	7.85680647229738	0.000322944929031399	0.0416270539878608
SCML4	9.81076685365957	4.82257640540551e-05	0.00965149830608129
SEMA3F	17.5846258339805	9.46833966786187e-09	1.10779574113984e-05
SFRP5	9.61304024346911	7.22068065438508e-05	0.0135046278662395
SLC25A20	12.5767329422761	8.15385691854686e-07	0.000344500454808605
SLC26A6	25.1209237618822	3.35420580199752e-12	1.27543675620956e-08
SNX27	6.73815495288845	0.000354089295129145	0.0441450670402811
SPHK2	7.85943892240614	0.000158698813972902	0.0246307036788555
SRRM2	7.87458736913684	0.000274675895673648	0.0373019676178231
SUOX	8.65117067329874	3.00411930518329e-05	0.00681368087262273
TCTA	17.7778579951476	4.97217578221409e-09	6.87516305886149e-06
THOC5	7.50153073393136	0.00024071509359469	0.0352045824382234
TMEM52	8.82700339148801	2.59549365720924e-05	0.00607345515786961
TMEM89	15.8409415196632	5.85545121278841e-08	4.08750238782261e-05
TMEM95	8.47500097177896	0.000162221713789545	0.0249231542094847
TNK1	8.51304522775251	0.000106102310899248	0.0183388198724722
TOMM34	7.4221972481113	0.000309450838106295	0.0402286089538184
TRAIP	13.6553890778315	5.47412370432987e-07	0.000237889775836735
TUSC2	10.3552924733745	3.17214313881875e-05	0.00696323131964264
UBA7	8.89325346844574	7.28060147949794e-05	0.0135046278662395
UBE2C	7.64688303377849	0.000413401768493027	0.0495105582581019
UCN2	7.72143344062082	0.000220883702443886	0.0329376579820736
UQCRC1	11.6533940033027	8.57536450560303e-06	0.00234645530868494
USP19	18.9422903679044	4.20992962713029e-09	6.40330296286518e-06
USP4	12.4622982589055	2.68319029128605e-06	0.000906918318454686
USP54	10.8168502220519	2.82550326153874e-05	0.00651150069818246
VAMP2	6.72443544897151	0.000412112776330575	0.0495105582581019
VCL	7.22973265055947	0.000411513502778238	0.0495105582581019
WDR6	18.8673769804206	1.28402066756905e-09	2.1699949281917e-06
ZDHHC5	10.3458637239872	5.40802052294564e-05	0.010545640019744
ZNF165	8.083161793688	0.000210768643596593	0.0317405056346948
ZSCAN31	7.0714764082709	0.000350013223286538	0.0439975299684979
ZSWIM8	10.8583284750574	8.32475250245324e-06	0.002344805288191
