gene	test_score	p_value	P_FDR
AADAT	7.70356455495138	0.000184272937494012	0.0113547939621816
ABT1	6.07087776906907	0.000911482800481589	0.0337536939740384
ACAD10	7.53846244164924	0.000332497505566853	0.0164840782890147
ACBD4	17.6039417028867	5.16048459520135e-09	2.24407358682756e-06
ACOT2	11.7529770296358	2.51295583830746e-06	0.000394300905763295
ACSF2	7.28719688935409	0.000712032690503461	0.0286141463382172
ACY1	7.07499518563755	0.000895177638001843	0.033311989365252
ADAM11	13.5261661916935	9.79223676922381e-07	0.00018517503022779
ADAMTSL4	224.215541091552	8.9331875230414e-12	1.14762828869649e-08
ADD2	6.25011018699844	0.00152316408918107	0.0476774849286529
ADH5	6.68597712449459	0.00152901399901018	0.0476774849286529
ADM5	7.70289263998023	0.000503807310009652	0.0222259340821649
AFF1	8.37969382335265	0.00010433607172966	0.00745537564190343
AFF3	6.43745248239619	0.000732304309834508	0.0291771507740346
AGAP2-AS1	10.4007755140163	1.72227779114964e-05	0.00175117056672066
ALDH2	8.52748115476064	9.75129279007225e-05	0.0070673655364238
ALKBH5	6.53074079656392	0.000383482980753302	0.0185879330161314
ALS2	7.60619968327869	0.000192977800651084	0.0116552465313869
ALS2CR12	5.70787316953653	0.000947846379571682	0.0345124925767488
AMZ1	6.58044868557508	0.00159810738782507	0.0492522594377965
ANKDD1B	11.4238120017872	4.27982654238601e-06	0.00058159785692067
ANKRD11	8.29364491888415	0.000130011976829603	0.00889458794640579
ANKRD29	7.72077859892123	0.000347031118706376	0.0171487455412696
ANKRD45	7.95207350935204	0.000364930023378118	0.0178020351147915
ANP32E	22.3696990897589	1.41097689088099e-10	8.25964164584948e-08
APH1A	9.66109003044916	5.92211483906313e-05	0.00464611277580107
ARHGAP27	25.7604788454066	2.49944509533861e-12	6.34025905850895e-09
ARHGAP9	28.3805809931856	1.90070181815827e-13	9.64289389078961e-10
ARHGEF16	7.95155299947726	0.00019770540514652	0.0118935820803559
ARHGEF2	7.84925837794686	0.000488053809545752	0.0218250870674875
ARHGEF25	18.0295305309878	3.77094522274746e-09	1.68805253794754e-06
ARL17A	18.249503799126	2.67711319779096e-09	1.23471705667813e-06
ARL17B	8.47607066827238	5.89205135822501e-05	0.00464611277580107
ARNT	14.2269359905884	2.45525841657823e-07	5.74908201543395e-05
ARPC5L	6.74058466644581	0.000478820694215565	0.0216250770503291
ASTN1	10.7666590188706	1.72489557767053e-05	0.00175117056672066
ASXL1	8.69176399915213	0.000105576894755766	0.00747386203805931
ATG13	6.2891197714785	0.0010336966408776	0.0368451121174639
ATP5B	221.564490733853	2.18279838648527e-11	1.99251739798869e-08
ATPAF2	8.61715224797973	0.000104152264056245	0.00745537564190343
BAZ2A	6.64179771973927	0.000481974925519157	0.0217031312615431
BBS4	6.22903142733525	0.0011314985306341	0.0392555112877362
BCAR1	21.001314211011	4.70706029709334e-10	2.47039509385381e-07
BLK	7.48385013526594	0.000409653491691309	0.0193682057271484
BLOC1S6	7.90896154514202	0.000432359612709377	0.0201285834804226
BOLA1	12.809235181716	2.70064426755035e-06	0.000416414429546894
BRAP	12.2075932372551	3.32701123217927e-06	0.000490749870468752
BTBD16	12.9605457235576	9.0753875936489e-07	0.000174844809082704
BTN2A1	9.74353737076985	2.26718551332716e-05	0.00217022412030437
BTN3A1	7.97167897884181	0.000157332865596604	0.0101466365016115
BTN3A2	15.4995805900179	2.52195989647319e-08	8.16685736687702e-06
BUB3	8.02733675395861	0.000302162316066057	0.0153877768698274
C12orf57	7.34536482273258	0.0001827519264751	0.0113068468331342
C14orf23	5.74276840806066	0.000979549485051523	0.0352452557032723
C16orf86	8.04361636270819	0.000255416692992783	0.01383431340694
C1orf123	5.96581280609216	0.000713264079444387	0.0286141463382172
C1orf162	8.151694742709	0.000238870774876387	0.0132359991914211
C1orf54	25.4280764527678	5.56565904474837e-12	1.14762828869649e-08
C1orf85	7.0824265535089	0.000404694834967745	0.0193682057271484
C20orf112	8.28191212227681	0.000100133589495566	0.00722290631337683
C6orf10	-3.41961857412646	0.000627089959805999	0.0259998249380078
C6orf100	8.26065048440716	0.000138000673972516	0.00921215025377935
C6orf15	7.86794837276439	0.000331350072532266	0.0164840782890147
C7orf55-LUC7L2	5.16817372203307	0.00103798890031193	0.0369116613615596
CA14	17.8424783796774	1.76996201028956e-08	6.26484227828072e-06
CAD	8.92323612640924	5.20017926912697e-05	0.00429940685370074
CADM2	7.7447835632878	0.000239152416402155	0.0132359991914211
CAPZA1	5.64836619107669	0.00151773140960954	0.0476774849286529
CASC5	7.49878478142521	0.000622185052514324	0.0259442643815562
CASP8	7.3194632430136	0.000462898754599039	0.0211351540480053
CBFA2T3	10.5102081515823	1.32006320177069e-05	0.00139947408638871
CCDC134	8.82652871539617	6.1001582914888e-05	0.00474075518907692
CCDC27	7.17031091822239	0.000739944404109849	0.0293280047670622
CCDC3	14.5781877427966	3.31794834163013e-07	7.65138996357736e-05
CCDC30	8.16562975066866	0.000259038390846067	0.0139313226455023
CCDC79	6.12753743418417	0.000331432268298015	0.0164840782890147
CD300LG	8.6558772506606	0.000109320085383668	0.00756296227063379
CD6	4.57146553120826	0.0015287367571124	0.0476774849286529
CDC42SE1	10.5302664172959	1.22815451105707e-05	0.00137210748761592
CDH16	12.0173654868644	5.6993766807123e-06	0.000747797526555527
CEACAM5	7.84184640809161	0.000448450261609001	0.0207745712779461
CENPA	8.86617134182947	0.000159348359436318	0.0102332575131677
CEP104	7.653530396485	0.000210842224296237	0.0122481628007203
CEP128	6.29297826604251	0.00129316969602944	0.0429928979528046
CEP170	8.80646361404077	8.41162680469409e-05	0.00623352501780502
CFDP1	11.4902260942158	2.90510494149743e-06	0.000433487227545008
CHST4	7.50449321645522	0.000612321689456019	0.0256031211909907
CHTOP	7.72563600428841	0.000888309887095984	0.0332188611341545
CISD2	6.91239230412062	0.000303190357653249	0.0153877768698274
CLEC16A	8.60152584370012	0.000153217429863406	0.0100084518563135
CLTC	6.8325672449141	0.00121818699566834	0.0412935547306728
CNFN	5.60913511973897	0.000763491121904991	0.0297957304497281
CNOT6	16.9690313508907	0.00036053031552119	0.0177008754910726
CNPY2	24.6514355857974	1.19698695399961e-11	1.40139549537493e-08
COA5	10.41403003924	1.74936269718984e-05	0.00175166449021246
COMMD7	5.74030868648542	0.000876839384819639	0.0328706784161451
COQ10A	25.5753895150172	8.28603852198739e-12	1.14762828869649e-08
COX11	8.29743618579008	7.81404052484502e-05	0.00585860575311041
COX4I2	6.95928722749802	0.000398434236719258	0.0191904084900858
CPNE7	9.65003049090092	2.98611849106623e-05	0.00272148044515137
CPS1	6.89792605640105	0.000759719529348724	0.0297247589632071
CPT2	6.52013760809206	0.00121377620899787	0.0412358792431867
CRHR1	18.6628338136159	5.95294180616435e-09	2.51677150805059e-06
CS	129.472197818396	2.19208340812571e-07	5.21304835494896e-05
CSNK1G3	5.53178860300503	0.00135311368391378	0.044099336764813
CTPS1	6.75273519063228	0.000628642284966285	0.0259998249380078
CTRB1	-3.98006806844839	6.88955381917271e-05	0.00526929694109591
CTRB2	4.06916595015391	4.71817336409976e-05	0.0040117652850055
CTSA	7.29226786983476	0.000905797488947369	0.0336249701994609
CTSB	5.78071324258024	0.00150374887229132	0.0476774849286529
CUL3	6.75891775028069	0.000751832305111222	0.0295681852294388
CWF19L1	5.53888754091264	0.000786576594554944	0.0304929754960614
CXXC4	8.94137535611376	0.000123121055301434	0.00847919665922092
CYB5RL	6.30921509004045	0.00134507604881873	0.0439867111464598
CYLD	7.89137698114842	0.000551796040857089	0.0237913193819969
CYP27B1	93.1607867834182	5.1021460878431e-07	0.00011093523350996
DAGLA	9.45901836027826	7.05250111662226e-05	0.00534025208930302
DAP3	12.0859852335447	4.75300569835468e-06	0.000634567953762792
DBN1	7.57309147905304	0.000303307034227873	0.0153877768698274
DCC	7.7026296964073	0.000406083094626974	0.0193682057271484
DDB2	6.23036188672125	0.00150090401949721	0.0476774849286529
DDIT3	32.4765073303765	7.88258347483861e-15	5.99864602435218e-11
DEFB124	10.4229257604068	1.74217608460703e-05	0.00175166449021246
DEFB134	7.05935809180321	0.000483719478403977	0.0217174349891107
DENND1A	10.2083872368218	1.55844198876931e-05	0.00162462240199102
DESI1	6.78807932296499	0.000354160783484714	0.0174444243515772
DFNA5	10.8415474208533	1.09485303345647e-05	0.00125914209283813
DHTKD1	13.0933021588023	1.61050399061224e-06	0.000278543985649072
DMBT1	6.53941024384739	0.00100116789592253	0.0359381494715587
DMPK	5.72758291067388	0.0012937416072526	0.0429928979528046
DMRTA2	3.76556152397986	0.000166175196961454	0.0105395691093096
DMWD	7.47708874172079	0.000281345497020968	0.0146146022684612
DOHH	5.14108724129687	0.00101311768145407	0.0362815320276021
DPCD	10.1084843340163	2.01739100874621e-05	0.00196824943289213
DRG2	6.29883829123165	0.000692643625182066	0.0281120959340561
DTWD1	6.6455433922578	0.0012626288608375	0.0425204214783355
DTX3	18.0289466556668	9.22075393816613e-09	3.69315460365496e-06
DUSP15	7.3609617048601	0.000301296279319185	0.0153877768698274
DYNC1I1	6.23044241690727	0.00115219243629971	0.0395997077632591
ECM1	27.5571060703779	4.9737991503207e-13	1.51402446135762e-09
EDC4	6.4777902167544	0.00113227131769489	0.0392555112877362
EDIL3	6.32570301130978	0.000679801124916946	0.0277388019336083
EGF	8.58975580910871	0.000107741801039563	0.00748780918640247
EGLN2	7.72893390123826	0.000406493341181147	0.0193682057271484
EIF5B	49.1099180521008	9.91160750252185e-07	0.00018517503022779
ENTPD2	7.71746583353381	0.000449069247729583	0.0207745712779461
ERH	6.18644799424214	0.00126276153141969	0.0425204214783355
ERI1	11.3446392248065	4.47615036813787e-06	0.000602893881442994
ERLIN1	6.91559985626553	0.000793417261105489	0.0304944715000645
ETV4	9.5872180551462	3.9856899520907e-05	0.00345232222169953
EVI2A	6.14439425300055	0.00125065255515688	0.0422998486433062
EXOSC5	6.08983391798266	0.000838384108320045	0.0317418062901271
FAM189A2	13.4787255118215	1.08062787895769e-06	0.000198158509852241
FAM216A	6.22805983510606	0.00134337584800559	0.0439867111464598
FAM24B	12.9438597787662	2.25320378599569e-06	0.0003609869644511
FAM65B	8.15388199923041	0.000186783580350736	0.0113557659097804
FAM71D	8.4114047503112	0.000270162663662088	0.0143270931739964
FAM72C	18.0423832491368	1.29740503895803e-08	4.74659917154299e-06
FCGR1A	7.30717782567351	0.000605226739213149	0.0255022860530142
FCHO1	6.16886913266555	0.00137233535242542	0.0445903422046193
FGFR4	6.25359781171851	0.00148660096177788	0.0473629314665571
FHL5	126.727274699677	1.45539136298112e-11	1.58221832461233e-08
FOXG1	11.8566166168269	7.72535647863837e-06	0.000971734922354347
FOXS1	10.3593055181929	3.01467281811352e-05	0.00273115001736237
FUT7	8.07144282120883	0.000105552534942044	0.00747386203805931
GALNT16	6.39537162278737	0.000488985196452907	0.0218250870674875
GAR1	8.97121850823308	0.00030991228596644	0.01556721119607
GFM2	15.882120096958	4.54978646979853e-08	1.38495500140667e-05
GJA1	7.33861643563849	0.00054716335014704	0.0237913193819969
GJB3	8.2430495453907	0.000231235606554914	0.0130273249117326
GJC1	23.5664344633418	1.6969869953698e-11	1.72187613796855e-08
GLI1	95.4942273818569	5.79686298962656e-11	4.01037521373256e-08
GLYCTK	6.92165885103516	0.000409760988445584	0.0193682057271484
GNA12	6.75685751351747	0.000556189720408606	0.0238042803243914
GNAZ	5.55422064417235	0.00163455908121135	0.0497559784320735
GNL3	7.46707904395173	0.000273261661521862	0.0144411197512595
GOLGA6B	8.31675639811623	5.15761506750811e-05	0.00429940685370074
GOLPH3L	16.8757778254042	2.50337168772319e-08	8.16685736687702e-06
GPR27	5.59879242768004	0.00152825610279506	0.0476774849286529
GPR68	8.45945458959515	0.000248114508723196	0.0135838231034786
GRAMD3	5.69137167023408	0.00162788420337356	0.0497364753973471
GYLTL1B	8.38810323506211	0.000206578235384169	0.0121918241143785
HADHA	6.89099023698026	0.000790951716118315	0.0304929754960614
HDGF	6.83868349361816	0.000962959242206463	0.034812920822761
HECTD4	10.7667476333944	7.27733821681564e-06	0.000938653285253679
HES2	-4.48559427261353	7.27109881508487e-06	0.000938653285253679
HEXIM1	11.4148047235136	4.07675521951756e-06	0.000564074676736884
HEXIM2	13.1993662038902	2.01702293733952e-06	0.000330097732325887
HFE	7.68562801915756	0.00021042532711224	0.0122481628007203
HIC2	6.95236336322914	0.00104939853526576	0.0372304095728317
HIST1H1C	15.7066057696663	1.31591005536613e-07	3.33802517377875e-05
HIST1H1D	13.6604809998705	9.97657850110301e-07	0.00018517503022779
HIST1H2BE	9.86571703033064	5.51460557420835e-05	0.00444086226663763
HIST1H2BJ	14.2915530998715	6.00692768415456e-07	0.000126979776878934
HIST1H2BL	7.53386388212215	0.000608234549096198	0.0255022860530142
HIST1H2BM	6.79092660778434	0.000921056138020404	0.0339430373381854
HIST1H2BO	13.7228982647149	1.17186657655477e-06	0.000209833050531336
HIST1H3E	6.17458379342574	0.000743945743189478	0.0294100109385555
HIST1H3J	7.59740589599437	0.000548712160223119	0.0237913193819969
HIST1H4B	9.28547151146444	6.66241563656023e-05	0.00514730791819526
HIST1H4D	6.42060533672208	0.00151141638378482	0.0476774849286529
HIST1H4F	5.46869772182832	0.00158220373234241	0.0489454081427877
HIST1H4H	11.8273998176359	8.33801052979588e-07	0.000162698102901914
HIST1H4I	10.9571456305783	1.72585798297042e-05	0.00175117056672066
HIST1H4J	10.6750097333097	9.48841054559946e-06	0.00111948533724049
HIST2H2AA4	7.96407750784291	0.000172024014605476	0.0108190310012205
HIST2H3D	10.8789736261996	1.13644797155033e-05	0.00129080135276089
HJURP	8.79989050443488	0.000155178173286807	0.0100502629677668
HMX2	7.6127444079343	0.000423138122281674	0.0198349127798918
HPR	6.68240556426382	0.000722752335542087	0.0288721536665369
HPS6	9.56972445257768	8.86235508887889e-05	0.00646945265380498
HPSE2	14.8954709829156	1.49554622685955e-07	3.73151042177087e-05
HSD17B6	21.6937221265622	1.99696259528537e-10	1.08549181072297e-07
HTRA1	11.5926081614769	7.35503788107383e-06	0.000940703164285242
HVCN1	10.09325525114	3.99217287134768e-05	0.00345232222169953
IGFBP4	7.44768280951334	0.000510204286404026	0.0224430902863274
IL20RB	6.88797879951816	0.000560525221294239	0.0238969015913118
IL23A	12.8647616909783	1.81004308008603e-06	0.000306098396432327
IL4	6.24370885252723	0.00147670111375353	0.0472172078809427
ING5	6.37930350511971	0.000825162272368063	0.0313191266469873
INHBC	11.4624145994052	4.27090093724214e-06	0.00058159785692067
INTS8	9.06310186899066	4.66188770690268e-05	0.00398617589320555
IPO8	6.97554951298686	0.000267632538043627	0.0142425427588252
IQGAP2	9.35405846202371	8.88380817769541e-05	0.00646945265380498
KANSL1L	8.1732942915228	0.000309355015332025	0.01556721119607
KIAA0040	6.61230692295596	0.00111004336182974	0.038749678823506
KIAA0247	11.0844243885104	1.86862044010416e-05	0.00184677942197308
KIAA1211	6.7778589341914	0.000971541011322574	0.0350399388443829
KIAA1328	8.16578730946167	0.000281163397815809	0.0146146022684612
KIAA1407	6.89760454004526	0.00110126751505601	0.0386204875095681
KIF3B	12.6095807889813	1.24926128430847e-06	0.000218548928128447
KIF5A	32.2607285116275	4.9960036108132e-15	5.99864602435218e-11
KLHL8	7.07876535078498	0.00068583788784482	0.027910301211225
KLRD1	9.90608908365766	3.38040613422352e-05	0.00300842329340598
LAMTOR5	5.24975196788665	0.000954341393368585	0.0346660525228398
LDHD	7.76912985973281	0.000367357979020988	0.0178632218552698
LRP1	312.638807182563	9.04831765069503e-12	1.14762828869649e-08
LRP4	11.3049844954948	1.10030156601493e-05	0.00125914209283813
LRP8	8.71117528822516	8.43696553001205e-05	0.00623352501780502
LRRC32	6.78865693012228	0.000850340459751631	0.0320351034589599
LRRC37A	389.302808490906	1.32536537300609e-10	8.0688243908611e-08
LRRC37A2	505.975354069922	2.26896279542643e-11	1.99251739798869e-08
LRRC47	5.79240389261322	0.000544360563421442	0.0237397357457718
LRRC48	10.4073705421567	1.30895463781311e-05	0.00139947408638871
LSM7	5.69325618269259	0.000816307894521473	0.031060515386542
LYG2	26.8969822417999	1.31783294523569e-05	0.00139947408638871
MADD	10.3904672315262	1.21853619101664e-05	0.00137210748761592
MALRD1	8.21993604158152	0.000176055243321316	0.0109818065711083
MAP2K5	9.40567250338917	2.15006684063379e-05	0.00208433231302206
MAPK1	10.8796310545306	1.89225351360234e-05	0.00185807086948565
MAPK9	7.99132114015876	0.000166195570711847	0.0105395691093096
MAPKAPK5	6.06763027672808	0.00134676789712551	0.0439867111464598
MAPT	25.4103843389406	8.03523914072457e-12	1.14762828869649e-08
MDK	12.5331010539922	3.73451010249326e-06	0.000531207885606985
MED19	11.7524625467674	2.49149046294139e-06	0.000394300905763295
MEF2D	28.3706440857378	3.80362408236579e-13	1.44727896334018e-09
MEGF9	7.34379948695677	0.000935482538472976	0.0342260678739392
MEX3A	12.286574835073	2.70860897011449e-06	0.000416414429546894
MFHAS1	11.145809204098	8.0949980926226e-06	0.000993595733626741
MFSD1	6.48008567461199	0.000495760228982234	0.0220627797810222
MFSD4	7.68439186475553	0.000317699997173126	0.0159059011742598
MIP	23.9276707028793	3.26861870902917e-11	2.36897032149638e-08
MLF1	10.2604405163124	2.6591869934256e-05	0.00248299546257286
MLLT11	6.8340778636072	0.000594302506731093	0.0251957775834185
MLN	-4.23396821352113	2.29603411967679e-05	0.00218410245634255
MMAB	11.3526823991754	3.99300837794492e-06	0.000562718402891867
MPHOSPH8	6.17781220713336	0.000701074138477753	0.0283785861373176
MPP6	6.98654031396173	0.000787925324080008	0.0304929754960614
MRC2	6.16385182893366	0.00107750130540163	0.0379549005633522
MRPS21	12.4841306014799	1.1416127729813e-06	0.000206849361961613
MRPS27	6.25792131735034	0.00117897600906247	0.0401432099729996
MSTO1	8.63190928718831	0.000154197275792134	0.0100294125536593
MTMR11	7.61852419045915	0.000362407293253653	0.0177358167309344
MVK	11.6800136593756	1.0442118729026e-05	0.00122253113119828
MYO15A	6.72520821005338	0.000778618405359643	0.0303083686178357
MYO1A	23.8466032700291	8.48103809403256e-11	5.37839165796565e-08
MYO1H	9.96482922951054	5.41386217026707e-05	0.00440636268617459
MYO9A	11.2464817479058	5.34051907563615e-06	0.000706806089836367
NAGS	9.88583326686666	3.90123649440799e-05	0.00341246088763733
NBEAL1	11.7212098545943	3.56505693699383e-06	0.000513750159179548
NBR1	6.03568921117156	0.000928292695116184	0.0341270889363969
NCAM1	7.9854438334643	0.000231958281936895	0.0130273249117326
NDE1	6.78983824903061	0.000384772831311442	0.0185912460081274
NDUFA4L2	13.7611807829929	6.5481837518977e-07	0.000134680211762004
NFE2	7.01661333346841	0.000932765096114951	0.0342088789466736
NFIC	5.33849478513685	0.00152811534558528	0.0476774849286529
NFIX	6.66145703045855	0.00153181932523727	0.0476774849286529
NKAPL	13.864542073195	6.69400876396331e-07	0.000135843751183362
NMT1	7.17531326538298	0.000258954439964154	0.0139313226455023
NOLC1	7.63968751398754	0.00046380692851733	0.0211351540480053
NR6A1	10.4929067896113	2.47616694488695e-05	0.00234082365845834
NSUN4	6.34063609284708	0.00127176835646137	0.0427291708285696
NT5DC2	7.14725092090349	0.000308186395065357	0.01556721119607
NUDT18	6.03118373808492	0.00162907291996761	0.0497364753973471
NUP210L	9.49006974055607	2.16993791686271e-05	0.00209028196801585
NXPH4	11.0889393295498	1.37630207118766e-05	0.00144464258782595
OR10C1	-5.40872822272442	6.34738652541201e-08	1.71397529712929e-05
OR10J3	-3.41319571259502	0.000642058147447272	0.0264827235884756
OR12D2	4.17807620749625	2.93985160113174e-05	0.00269678570599582
OR1D5	3.63364082586973	0.000279449808754564	0.0146146022684612
OR2B3	-4.9438085676327	7.6610934932933e-07	0.000151430964893408
OR2B6	7.1946295848247	0.000814775059880923	0.031060515386542
OR2J2	3.20004972497575	0.00137403879723827	0.0445903422046193
OR9Q2	3.74518095761888	0.000180263796410322	0.0111984284953678
OSER1	9.473891871451	4.02522537493732e-05	0.00346123899472012
PABPC4	10.2793081932421	8.71440561567294e-06	0.0010443563265397
PACSIN3	6.335221926768	0.00114011236426437	0.0394375231456902
PAN2	4.65264250832976	0.00159859501723203	0.0492522594377965
PAQR6	8.02103730285252	0.000278363972155304	0.0146146022684612
PARK7	6.12899244749889	0.00161943338735804	0.0496930970878817
PARP6	11.851207923351	2.81641321164816e-06	0.00042865809081285
PBRM1	7.77181669980317	0.000749908832936241	0.0295681852294388
PCDH9	50.2796454474719	0.000225348507765788	0.0127977771947586
PCDHB7	5.97799870809385	0.00143997228462545	0.0464330046016934
PCSK9	9.04267642698018	0.000140179007758645	0.00931670086500689
PFDN5	12.4349359949952	2.14501512729726e-06	0.000347309896143237
PHACTR1	14.5894977748637	1.96936359553312e-07	4.83446998774422e-05
PIP4K2C	161.022643918048	8.64344132933681e-08	2.22971486495773e-05
PIP5K1A	15.7426771742673	5.62867623621344e-08	1.55760822391215e-05
PLCD3	15.9770388116614	4.38486197351651e-08	1.36199182116166e-05
PLCL2	7.54633766011491	0.000472714344828207	0.0214128343103729
PLEKHA1	10.3724187398985	1.2584214156286e-05	0.00137792618315592
PLEKHM1	233.486242432623	7.52383710889148e-11	4.9788174259708e-08
POC5	7.65176499370293	0.000137073569762891	0.00919057150568812
PPM1F	10.8859463615301	7.41843658336183e-06	0.000940905039989726
PPP1R3A	8.13945868170488	0.000211732864050407	0.0122531338055026
PPP1R3B	8.06467077116286	0.000423544458177716	0.0198349127798918
PPP6C	7.18826549593155	0.000185996884971451	0.0113557659097804
PPRC1	6.34942190476377	0.00134505226489678	0.0439867111464598
PPTC7	7.54075763668911	0.000531053440825158	0.0232259579579279
PRDM6	10.8601883073281	1.32407535111678e-05	0.00139947408638871
PRIM1	18.7046612790854	1.89777638048838e-09	9.31746984226876e-07
PRM2	7.09123114668177	0.000798073702667601	0.0305961757042844
PROK1	6.87236190528497	0.00071133055465844	0.0286141463382172
PRPF3	17.234866112842	1.19813552412751e-08	4.55890566930517e-06
PRSS16	13.5558048320726	4.57494355843302e-07	0.000100913972404856
PRSS58	3.63344588564929	0.000279661121287496	0.0146146022684612
PSMB2	6.52376253296588	0.000209931416107478	0.0122481628007203
PSMB4	10.513218686884	7.94135240689275e-06	0.000982661655552095
PSMD4	13.180957353005	6.94674450407717e-07	0.00013911769914744
PSME3	14.3215747208319	6.27712629652777e-07	0.000130873783881031
PSPC1	7.73822367789356	0.000206553449374924	0.0121918241143785
PTBP2	13.7985650024518	3.47161956515407e-07	7.88627608681268e-05
PTGES3	19.2129120638303	2.1628629998105e-09	1.02871171428487e-06
PTGES3L	11.0389521771144	1.28399771096577e-05	0.00139588894006421
PTGES3L-AARSD1	16.2535235485316	8.16848493290223e-08	2.14352311515124e-05
RAB13	10.7570339681947	1.23507704207215e-05	0.00137210748761592
RAB3IP	8.28290848498095	0.000168543838257484	0.0106441378351822
RABGAP1L	10.4141039898483	1.25478372788868e-05	0.00137792618315592
RARRES1	5.41831469370399	0.00161353730471381	0.0496121975307963
RASA2	6.2235534739071	0.00114827748813584	0.0395997077632591
RASD1	7.39923376075988	0.000661711128634335	0.0271462085655379
RC3H1	7.4158308900107	0.00010695170403241	0.00748780918640247
RCVRN	6.52557963289225	0.000461210853015537	0.0211351540480053
REM1	9.36839264476745	5.48898534394882e-05	0.00444086226663763
RERE	7.61263239953546	0.000261648698886452	0.0140221591445486
REST	10.7581624136036	4.05936031466769e-06	0.000564074676736884
REV1	12.5226829997471	2.89134743614028e-06	0.000433487227545008
RFX5	21.2396769479028	4.98669106008265e-10	2.52991459781526e-07
RGPD1	6.61986353568356	0.000714413640507394	0.0286141463382172
RGS7	8.95550670443065	7.79027961020917e-05	0.00585860575311041
RHOBTB1	6.36068050135083	0.00115694771155272	0.0396593337158389
RHOV	6.66110371237793	0.00155723914898476	0.0482712420520326
RIT2	7.06628347842482	0.000625146512278962	0.0259965298275569
RND2	9.60076439649735	3.39556997472901e-05	0.00300842329340598
RNF11	9.60121532782131	5.21535424674591e-05	0.00429940685370074
RPRD2	16.5621615550094	1.16384994974794e-08	4.54199903465735e-06
RPS26	8.00704833885675	0.000107163665852839	0.00748780918640247
RRAD	8.78581022488864	0.000131707159690908	0.00894903111828402
RRH	6.92071938600003	0.000497816850497323	0.0220897156401436
RRNAD1	13.4765512088159	4.52193222311159e-07	0.000100913972404856
RSF1	6.52567337750121	0.000791374856829452	0.0304929754960614
S100A12	8.55936997073319	0.000107581110713628	0.00748780918640247
S100A13	10.4182933907275	4.77625968068329e-05	0.00403859290777776
S100A14	26.9973062398367	0.000893095883281014	0.033311989365252
S100A7A	5.32308321524812	0.00106024271627592	0.0374598778318686
S100A8	7.8377543879662	0.000242242450811059	0.0133102169723621
S100A9	6.199045106607	0.00133606821983057	0.0439867111464598
SCD	7.34177833397624	0.000556788685642795	0.0238042803243914
SDCCAG8	8.39832850057418	5.19955060898081e-05	0.00429940685370074
SELENBP1	17.2409518868525	1.30983682788965e-08	4.74659917154299e-06
SEMA4A	12.2316285256955	1.74981863176882e-06	0.000299238646915971
SEMA5B	6.57889319649203	0.000803290214045238	0.0307187865773078
SENP8	9.40493558127733	5.59008158891316e-05	0.00447794956753991
SEPHS1	17.05004206536	3.68853678711645e-08	1.16957353958151e-05
SFXN2	6.17370064219725	0.000918015579749465	0.0339130998150166
SH3PXD2B	8.24118671792355	0.000187273143453015	0.0113557659097804
SIMC1	8.62459918903524	0.00014274763212796	0.00936473690080839
SKA2	5.54919436981595	0.0014540253555001	0.0466883247061424
SKOR1	10.4981658454934	9.3834840891871e-06	0.0011157549049799
SLAMF9	6.82275308832836	0.00138477223859912	0.0447478417653473
SLC16A4	7.99215219140308	0.000186821899985201	0.0113557659097804
SLC17A2	7.75670616776743	0.000421067700732469	0.0198349127798918
SLC25A13	9.11435056837085	8.15737727336563e-05	0.00608604324022671
SLC25A21	7.03263624604151	0.000602023185611422	0.0254522024583496
SLC25A21-AS1	7.44135996605504	0.00023071354771298	0.0130273249117326
SLC39A1	5.64955910828777	0.00112900628551438	0.0392555112877362
SLC39A5	24.0618769040269	3.01290103976726e-11	2.29281769126288e-08
SLC4A1	8.39351975620676	0.00014114464997983	0.00934009379431743
SLC6A4	9.42720590162055	6.87017499686471e-05	0.00526929694109591
SLC8A3	12.0317054179135	7.84041364798593e-06	0.000978123735429065
SLC9B1	9.42535032286469	5.76321048921802e-05	0.00459246406523027
SLC9C2	5.72622659766298	0.00151036421850514	0.0476774849286529
SMARCC2	7.19568318118998	0.00117043083389823	0.0400313647009686
SMIM1	7.86509720809508	0.000292379748329519	0.0151102511389892
SNAI3	7.19237829114635	0.000500165478900194	0.0221294145025028
SNAPIN	10.0545141347661	2.82575766543669e-05	0.00262244095536259
SNX20	8.63332173006604	0.000200616914929119	0.0120212182882724
SPATA2L	8.77677472097609	6.95449864994702e-05	0.00529237347260968
SPINK7	24.6962129704992	0.000235856182356553	0.0131491981518928
SPINK9	8.39461643158064	0.00021473413645412	0.012333032289931
SPPL2C	16.38990456082	5.52497557704257e-08	1.55760822391215e-05
SPRR2A	7.44526800005202	0.000432460367811971	0.0201285834804226
SPRYD4	7.39447889367612	0.00026689898334753	0.0142425427588252
SREBF2	7.97161170592161	0.00029406261013909	0.0151203815078275
SRSF5	12.5093324421761	1.96165507238e-06	0.00032452598045243
SSH1	6.27411469471824	0.000567465432828596	0.0241252063900872
STAC3	156.901567384255	7.22100157446448e-12	1.14762828869649e-08
STAT6	316.165577824843	2.54610776906361e-11	2.03956632869201e-08
STH	8.92015544183536	0.000130321492250229	0.00889458794640579
STX2	5.87896150924723	0.000941013767020604	0.0343458741823827
SUGT1	6.17583925514936	0.00106078891889194	0.0374598778318686
SUOX	6.83509585739718	0.000203072975045071	0.0121206693340627
SWAP70	9.91036199493222	3.38076071734195e-05	0.00300842329340598
SYT4	6.80749714122921	0.000737067357359455	0.0292902485091669
TARS2	15.0126943735887	6.41896136244213e-08	1.71397529712929e-05
TDP2	6.66941282262979	0.00102155183896957	0.0364976971575513
TEX14	5.68225977010433	0.00133968618566072	0.0439867111464598
TGFB2	8.10726663725422	0.000253622242338936	0.0137861804585664
TIMELESS	13.8222336495697	5.41839672907329e-07	0.000116152110164078
TIMM8B	10.1317193651726	5.34888918748422e-05	0.00437688674373709
TJP2	10.1461350272497	3.39979504905275e-05	0.00300842329340598
TK2	6.43275413730004	0.00095928102926901	0.0347625172987484
TLR9	7.20077511162387	0.00131013829261839	0.0434429298772373
TM9SF4	18.1351191903253	9.051125293702e-09	3.69315460365496e-06
TMEM101	6.60146408115772	0.00134381965392538	0.0439867111464598
TMEM106A	9.92552943281953	2.49642240063297e-05	0.00234540425540949
TMEM151B	8.30056671099318	0.000240394550758416	0.0132565400816779
TMEM170A	16.4057887997506	5.00811625503417e-08	1.46583710387731e-05
TMEM194A	178.045980132104	2.08405708246318e-08	7.20894290797489e-06
TMEM216	7.97986610765346	5.81622583566421e-05	0.00461057068847965
TMEM55A	7.76413078361812	0.000866523406650499	0.0325641635783225
TMEM79	6.87487690600343	0.00128861949156156	0.0429928979528046
TMOD4	13.1360980159819	1.93422856942238e-06	0.000323505042050644
TMUB2	6.4964398976801	0.00148748234172236	0.0473629314665571
TNN	5.84638002606739	0.00154928312907421	0.0481226310704274
TOB2	8.08318300545762	0.000292872804599331	0.0151102511389892
TOM1L2	8.70801258376228	6.10504610419893e-05	0.00474075518907692
TOP3B	7.49912555074985	0.000132901838594823	0.00899007103739205
TP73	8.08274703897991	0.00025177337569926	0.0137347339718378
TPBGL	6.66469695463795	0.00127880432501593	0.0428306946063645
TPX2	9.96974008001278	5.22595445423546e-05	0.00429940685370074
TRIM15	7.55269927786311	0.000551338314173977	0.0237913193819969
TRIM27	9.58099916293702	3.48933740721424e-05	0.00306981013513299
TRIM32	7.39863398964226	0.000467247119033565	0.0212283616468384
TRIM37	7.32111023775759	0.000452228659124865	0.0208573339147892
TRPM8	10.1147058502842	2.94130372664458e-05	0.00269678570599582
TSFM	11.4420651403395	3.5780234476368e-06	0.000513750159179548
TSPAN12	7.20811574223086	0.000756039779593931	0.029657024343865
TSPAN5	8.45961177045853	0.000214669988937377	0.012333032289931
TSSK1B	-3.39958560787831	0.000674880494925897	0.0276120460558391
TTLL9	10.3911909289557	1.08443443139761e-05	0.00125914209283813
TUBG2	7.82523107273442	0.000173179908947607	0.010846906231204
TXNDC9	8.37417627581874	8.53396356101932e-05	0.00627473069559005
UBD	27.3169371856784	8.53949577872548e-06	0.00103151687104922
UBE2D3	7.49383536224873	0.00021858651772011	0.0125070932319551
UBE2L3	10.7640061124887	1.58324441140723e-05	0.00163925033616449
UBE3B	5.95823471512464	0.00110456680382931	0.0386471419638669
UFL1	700.155693099216	2.35645947199714e-11	1.99251739798869e-08
ULK4	6.82244323783232	0.000461609459048606	0.0211351540480053
UNC50	10.4682143899438	1.81168142698862e-05	0.00180220858292593
UNC80	8.6079879680581	0.000165931205115322	0.0105395691093096
UNG	6.30497146385213	0.00144709547948985	0.0465640448157198
USP24	5.54892470010721	0.0011779245154584	0.0401432099729996
VAT1	10.6958404638022	8.22966825952953e-06	0.00100204440728032
VPREB1	5.87018675783914	0.00137728364473166	0.0446005469634381
WBP1L	7.89219495923157	0.000224891872021793	0.0127977771947586
WIBG	5.93099297846619	0.000659148932101505	0.0271141803961754
WNT3	15.4766944282735	4.92894361991958e-08	1.46583710387731e-05
WNT9B	14.9080179957763	2.06618126719071e-07	4.99163156930836e-05
WRAP73	6.85234095508635	0.000408571283753933	0.0193682057271484
XKR7	12.3420657044239	3.35334996903747e-06	0.000490749870468752
XPO1	6.31739042977665	0.00107979447726225	0.0379549005633522
ZBTB37	6.77059261006906	0.000528763959691481	0.0231924710850269
ZBTB39	21.9685305407433	1.98844607446347e-10	1.08549181072297e-07
ZCCHC2	15.4121559165044	5.54681556241832e-08	1.55760822391215e-05
ZDHHC5	8.96951145777791	0.000233673436626725	0.0130754033288925
ZFAND4	5.95780731990806	0.00146626797765592	0.0469823128840487
ZG16B	8.22825134358872	0.00020666824057225	0.0121918241143785
ZKSCAN4	16.7845259569149	2.4483308047607e-08	8.16685736687702e-06
ZKSCAN8	6.24842437389559	0.0016306505402941	0.0497364753973471
ZNF138	8.04657490877981	0.000209197380521609	0.0122481628007203
ZNF143	6.60403449862608	0.000607308761477743	0.0255022860530142
ZNF165	6.73252127221703	0.000850193986417502	0.0320351034589599
ZNF408	8.15537405148394	0.00013560295104631	0.00913219873860546
ZNF595	6.73547177598878	0.000555714789214012	0.0238042803243914
ZP2	6.72460619274553	0.00115260647431825	0.0395997077632591
ZSCAN12	7.92553175202852	0.000141825121828809	0.00934449503997608
ZSCAN31	5.84607759585166	0.00128041826845571	0.0428306946063645
ZSCAN9	12.5855752101513	1.20399811909255e-06	0.000213079667123124
